1,2,3,4,5,6,7,8,9
0,1921,3862,1981,3902,5843,3909,5836,7778
1921,0,1941,3902,1981,3922,5830,3915,5857
3862,1941,0,5843,3922,1981,7771,5856,3916
1981,3902,5843,0,1954,3902,1928,3888,5837
3902,1981,3922,1954,0,1948,3882,1934,3883
5843,3922,1981,3902,1948,0,5830,3882,1935
3909,5830,7771,1928,3882,5830,0,1961,3935
5836,3915,5856,3888,1934,3882,1961,0,1974
7778,5857,3916,5837,3883,1935,3935,1974,0
